2021/11/20-11:05:53.370454 11296be00 RocksDB version: 6.17.3
2021/11/20-11:05:53.370498 11296be00 Git sha rocksdb_build_git_sha:@09c7e96eac1ab983f97ce9e0406730b8014b3398@
2021/11/20-11:05:53.370500 11296be00 Compile date Nov 17 2021
2021/11/20-11:05:53.370515 11296be00 DB SUMMARY
2021/11/20-11:05:53.370516 11296be00 DB Session ID:  NAABWPW4FSZOSKCYQG6V
2021/11/20-11:05:53.370638 11296be00 CURRENT file:  CURRENT
2021/11/20-11:05:53.370642 11296be00 IDENTITY file:  IDENTITY
2021/11/20-11:05:53.370650 11296be00 MANIFEST file:  MANIFEST-000003 size: 1376 Bytes
2021/11/20-11:05:53.370654 11296be00 SST files in test-ledger/rocksdb dir, Total Num: 0, files: 
2021/11/20-11:05:53.370655 11296be00 Write Ahead Log file in test-ledger/rocksdb: 000004.log size: 3918 ; 
2021/11/20-11:05:53.370658 11296be00                         Options.error_if_exists: 0
2021/11/20-11:05:53.370660 11296be00                       Options.create_if_missing: 1
2021/11/20-11:05:53.370661 11296be00                         Options.paranoid_checks: 1
2021/11/20-11:05:53.370662 11296be00                               Options.track_and_verify_wals_in_manifest: 0
2021/11/20-11:05:53.370664 11296be00                                     Options.env: 0x10abb5968
2021/11/20-11:05:53.370665 11296be00                                      Options.fs: Posix File System
2021/11/20-11:05:53.370667 11296be00                                Options.info_log: 0x7fc61f6216c0
2021/11/20-11:05:53.370668 11296be00                Options.max_file_opening_threads: 16
2021/11/20-11:05:53.370670 11296be00                              Options.statistics: 0x0
2021/11/20-11:05:53.370671 11296be00                               Options.use_fsync: 0
2021/11/20-11:05:53.370672 11296be00                       Options.max_log_file_size: 0
2021/11/20-11:05:53.370673 11296be00                  Options.max_manifest_file_size: 1073741824
2021/11/20-11:05:53.370674 11296be00                   Options.log_file_time_to_roll: 0
2021/11/20-11:05:53.370676 11296be00                       Options.keep_log_file_num: 1000
2021/11/20-11:05:53.370677 11296be00                    Options.recycle_log_file_num: 0
2021/11/20-11:05:53.370678 11296be00                         Options.allow_fallocate: 1
2021/11/20-11:05:53.370679 11296be00                        Options.allow_mmap_reads: 0
2021/11/20-11:05:53.370680 11296be00                       Options.allow_mmap_writes: 0
2021/11/20-11:05:53.370681 11296be00                        Options.use_direct_reads: 0
2021/11/20-11:05:53.370682 11296be00                        Options.use_direct_io_for_flush_and_compaction: 0
2021/11/20-11:05:53.370684 11296be00          Options.create_missing_column_families: 1
2021/11/20-11:05:53.370685 11296be00                              Options.db_log_dir: 
2021/11/20-11:05:53.370686 11296be00                                 Options.wal_dir: test-ledger/rocksdb
2021/11/20-11:05:53.370687 11296be00                Options.table_cache_numshardbits: 6
2021/11/20-11:05:53.370688 11296be00                         Options.WAL_ttl_seconds: 0
2021/11/20-11:05:53.370689 11296be00                       Options.WAL_size_limit_MB: 0
2021/11/20-11:05:53.370690 11296be00                        Options.max_write_batch_group_size_bytes: 1048576
2021/11/20-11:05:53.370691 11296be00             Options.manifest_preallocation_size: 4194304
2021/11/20-11:05:53.370693 11296be00                     Options.is_fd_close_on_exec: 1
2021/11/20-11:05:53.370694 11296be00                   Options.advise_random_on_open: 1
2021/11/20-11:05:53.370695 11296be00                    Options.db_write_buffer_size: 0
2021/11/20-11:05:53.370696 11296be00                    Options.write_buffer_manager: 0x7fc61f61fff0
2021/11/20-11:05:53.370697 11296be00         Options.access_hint_on_compaction_start: 1
2021/11/20-11:05:53.370699 11296be00  Options.new_table_reader_for_compaction_inputs: 0
2021/11/20-11:05:53.370700 11296be00           Options.random_access_max_buffer_size: 1048576
2021/11/20-11:05:53.370701 11296be00                      Options.use_adaptive_mutex: 0
2021/11/20-11:05:53.370702 11296be00                            Options.rate_limiter: 0x0
2021/11/20-11:05:53.370734 11296be00     Options.sst_file_manager.rate_bytes_per_sec: 0
2021/11/20-11:05:53.370736 11296be00                       Options.wal_recovery_mode: 2
2021/11/20-11:05:53.370738 11296be00                  Options.enable_thread_tracking: 0
2021/11/20-11:05:53.370739 11296be00                  Options.enable_pipelined_write: 0
2021/11/20-11:05:53.370740 11296be00                  Options.unordered_write: 0
2021/11/20-11:05:53.370741 11296be00         Options.allow_concurrent_memtable_write: 1
2021/11/20-11:05:53.370742 11296be00      Options.enable_write_thread_adaptive_yield: 1
2021/11/20-11:05:53.370744 11296be00             Options.write_thread_max_yield_usec: 100
2021/11/20-11:05:53.370745 11296be00            Options.write_thread_slow_yield_usec: 3
2021/11/20-11:05:53.370746 11296be00                               Options.row_cache: None
2021/11/20-11:05:53.370748 11296be00                              Options.wal_filter: None
2021/11/20-11:05:53.370749 11296be00             Options.avoid_flush_during_recovery: 0
2021/11/20-11:05:53.370750 11296be00             Options.allow_ingest_behind: 0
2021/11/20-11:05:53.370752 11296be00             Options.preserve_deletes: 0
2021/11/20-11:05:53.370753 11296be00             Options.two_write_queues: 0
2021/11/20-11:05:53.370754 11296be00             Options.manual_wal_flush: 0
2021/11/20-11:05:53.370756 11296be00             Options.atomic_flush: 0
2021/11/20-11:05:53.370757 11296be00             Options.avoid_unnecessary_blocking_io: 0
2021/11/20-11:05:53.370758 11296be00                 Options.persist_stats_to_disk: 0
2021/11/20-11:05:53.370760 11296be00                 Options.write_dbid_to_manifest: 0
2021/11/20-11:05:53.370761 11296be00                 Options.log_readahead_size: 0
2021/11/20-11:05:53.370762 11296be00                 Options.file_checksum_gen_factory: Unknown
2021/11/20-11:05:53.370763 11296be00                 Options.best_efforts_recovery: 0
2021/11/20-11:05:53.370765 11296be00                Options.max_bgerror_resume_count: 2147483647
2021/11/20-11:05:53.370766 11296be00            Options.bgerror_resume_retry_interval: 1000000
2021/11/20-11:05:53.370767 11296be00             Options.allow_data_in_errors: 0
2021/11/20-11:05:53.370768 11296be00             Options.db_host_id: __hostname__
2021/11/20-11:05:53.370769 11296be00             Options.max_background_jobs: 8
2021/11/20-11:05:53.370771 11296be00             Options.max_background_compactions: -1
2021/11/20-11:05:53.370772 11296be00             Options.max_subcompactions: 1
2021/11/20-11:05:53.370773 11296be00             Options.avoid_flush_during_shutdown: 0
2021/11/20-11:05:53.370774 11296be00           Options.writable_file_max_buffer_size: 1048576
2021/11/20-11:05:53.370776 11296be00             Options.delayed_write_rate : 16777216
2021/11/20-11:05:53.370777 11296be00             Options.max_total_wal_size: 4294967296
2021/11/20-11:05:53.370778 11296be00             Options.delete_obsolete_files_period_micros: 21600000000
2021/11/20-11:05:53.370779 11296be00                   Options.stats_dump_period_sec: 600
2021/11/20-11:05:53.370781 11296be00                 Options.stats_persist_period_sec: 600
2021/11/20-11:05:53.370782 11296be00                 Options.stats_history_buffer_size: 1048576
2021/11/20-11:05:53.370784 11296be00                          Options.max_open_files: -1
2021/11/20-11:05:53.370785 11296be00                          Options.bytes_per_sync: 0
2021/11/20-11:05:53.370786 11296be00                      Options.wal_bytes_per_sync: 0
2021/11/20-11:05:53.370787 11296be00                   Options.strict_bytes_per_sync: 0
2021/11/20-11:05:53.370788 11296be00       Options.compaction_readahead_size: 0
2021/11/20-11:05:53.370790 11296be00                  Options.max_background_flushes: -1
2021/11/20-11:05:53.370791 11296be00 Compression algorithms supported:
2021/11/20-11:05:53.370792 11296be00 	kZSTD supported: 0
2021/11/20-11:05:53.370794 11296be00 	kZlibCompression supported: 0
2021/11/20-11:05:53.370795 11296be00 	kXpressCompression supported: 0
2021/11/20-11:05:53.370816 11296be00 	kSnappyCompression supported: 0
2021/11/20-11:05:53.370819 11296be00 	kZSTDNotFinalCompression supported: 0
2021/11/20-11:05:53.370820 11296be00 	kLZ4HCCompression supported: 1
2021/11/20-11:05:53.370821 11296be00 	kLZ4Compression supported: 1
2021/11/20-11:05:53.370823 11296be00 	kBZip2Compression supported: 0
2021/11/20-11:05:53.370825 11296be00 Fast CRC32 supported: Supported on x86
2021/11/20-11:05:53.371281 11296be00 [db/version_set.cc:4757] Recovering from manifest file: test-ledger/rocksdb/MANIFEST-000003
2021/11/20-11:05:53.371839 11296be00 [db/column_family.cc:597] --------------- Options for column family [default]:
2021/11/20-11:05:53.371844 11296be00               Options.comparator: leveldb.BytewiseComparator
2021/11/20-11:05:53.371846 11296be00           Options.merge_operator: None
2021/11/20-11:05:53.371847 11296be00        Options.compaction_filter: None
2021/11/20-11:05:53.371848 11296be00        Options.compaction_filter_factory: None
2021/11/20-11:05:53.371849 11296be00  Options.sst_partitioner_factory: None
2021/11/20-11:05:53.371850 11296be00         Options.memtable_factory: SkipListFactory
2021/11/20-11:05:53.371851 11296be00            Options.table_factory: BlockBasedTable
2021/11/20-11:05:53.371872 11296be00            table_factory options:   flush_block_policy_factory: FlushBlockBySizePolicyFactory (0x7fc61f50ab30)
  cache_index_and_filter_blocks: 0
  cache_index_and_filter_blocks_with_high_priority: 1
  pin_l0_filter_and_index_blocks_in_cache: 0
  pin_top_level_index_and_filter: 1
  index_type: 0
  data_block_index_type: 0
  index_shortening: 1
  data_block_hash_table_util_ratio: 0.750000
  hash_index_allow_collision: 1
  checksum: 1
  no_block_cache: 0
  block_cache: 0x7fc61f51eb28
  block_cache_name: LRUCache
  block_cache_options:
    capacity : 8388608
    num_shard_bits : 4
    strict_capacity_limit : 0
    memory_allocator : None
    high_pri_pool_ratio: 0.000
  block_cache_compressed: 0x0
  persistent_cache: 0x0
  block_size: 4096
  block_size_deviation: 10
  block_restart_interval: 16
  index_block_restart_interval: 1
  metadata_block_size: 4096
  partition_filters: 0
  use_delta_encoding: 1
  filter_policy: nullptr
  whole_key_filtering: 1
  verify_compression: 0
  read_amp_bytes_per_bit: 0
  format_version: 4
  enable_index_compression: 1
  block_align: 0
2021/11/20-11:05:53.371876 11296be00        Options.write_buffer_size: 67108864
2021/11/20-11:05:53.371878 11296be00  Options.max_write_buffer_number: 2
2021/11/20-11:05:53.371879 11296be00          Options.compression: NoCompression
2021/11/20-11:05:53.371880 11296be00                  Options.bottommost_compression: Disabled
2021/11/20-11:05:53.371881 11296be00       Options.prefix_extractor: nullptr
2021/11/20-11:05:53.371883 11296be00   Options.memtable_insert_with_hint_prefix_extractor: nullptr
2021/11/20-11:05:53.371884 11296be00             Options.num_levels: 7
2021/11/20-11:05:53.371885 11296be00        Options.min_write_buffer_number_to_merge: 1
2021/11/20-11:05:53.371886 11296be00     Options.max_write_buffer_number_to_maintain: 0
2021/11/20-11:05:53.371887 11296be00     Options.max_write_buffer_size_to_maintain: 0
2021/11/20-11:05:53.371888 11296be00            Options.bottommost_compression_opts.window_bits: -14
2021/11/20-11:05:53.371889 11296be00                  Options.bottommost_compression_opts.level: 32767
2021/11/20-11:05:53.371891 11296be00               Options.bottommost_compression_opts.strategy: 0
2021/11/20-11:05:53.371892 11296be00         Options.bottommost_compression_opts.max_dict_bytes: 0
2021/11/20-11:05:53.371893 11296be00         Options.bottommost_compression_opts.zstd_max_train_bytes: 0
2021/11/20-11:05:53.371894 11296be00         Options.bottommost_compression_opts.parallel_threads: 1
2021/11/20-11:05:53.371895 11296be00                  Options.bottommost_compression_opts.enabled: false
2021/11/20-11:05:53.371897 11296be00            Options.compression_opts.window_bits: -14
2021/11/20-11:05:53.371898 11296be00                  Options.compression_opts.level: 32767
2021/11/20-11:05:53.371933 11296be00               Options.compression_opts.strategy: 0
2021/11/20-11:05:53.371935 11296be00         Options.compression_opts.max_dict_bytes: 0
2021/11/20-11:05:53.371936 11296be00         Options.compression_opts.zstd_max_train_bytes: 0
2021/11/20-11:05:53.371937 11296be00         Options.compression_opts.parallel_threads: 1
2021/11/20-11:05:53.371938 11296be00                  Options.compression_opts.enabled: false
2021/11/20-11:05:53.371940 11296be00      Options.level0_file_num_compaction_trigger: 4
2021/11/20-11:05:53.371941 11296be00          Options.level0_slowdown_writes_trigger: 20
2021/11/20-11:05:53.371942 11296be00              Options.level0_stop_writes_trigger: 36
2021/11/20-11:05:53.371943 11296be00                   Options.target_file_size_base: 67108864
2021/11/20-11:05:53.371944 11296be00             Options.target_file_size_multiplier: 1
2021/11/20-11:05:53.371945 11296be00                Options.max_bytes_for_level_base: 268435456
2021/11/20-11:05:53.371946 11296be00 Options.level_compaction_dynamic_level_bytes: 0
2021/11/20-11:05:53.371947 11296be00          Options.max_bytes_for_level_multiplier: 10.000000
2021/11/20-11:05:53.371948 11296be00 Options.max_bytes_for_level_multiplier_addtl[0]: 1
2021/11/20-11:05:53.371949 11296be00 Options.max_bytes_for_level_multiplier_addtl[1]: 1
2021/11/20-11:05:53.371951 11296be00 Options.max_bytes_for_level_multiplier_addtl[2]: 1
2021/11/20-11:05:53.371952 11296be00 Options.max_bytes_for_level_multiplier_addtl[3]: 1
2021/11/20-11:05:53.371953 11296be00 Options.max_bytes_for_level_multiplier_addtl[4]: 1
2021/11/20-11:05:53.371954 11296be00 Options.max_bytes_for_level_multiplier_addtl[5]: 1
2021/11/20-11:05:53.371955 11296be00 Options.max_bytes_for_level_multiplier_addtl[6]: 1
2021/11/20-11:05:53.371957 11296be00       Options.max_sequential_skip_in_iterations: 8
2021/11/20-11:05:53.371958 11296be00                    Options.max_compaction_bytes: 1677721600
2021/11/20-11:05:53.371959 11296be00                        Options.arena_block_size: 8388608
2021/11/20-11:05:53.371960 11296be00   Options.soft_pending_compaction_bytes_limit: 68719476736
2021/11/20-11:05:53.371962 11296be00   Options.hard_pending_compaction_bytes_limit: 274877906944
2021/11/20-11:05:53.371963 11296be00       Options.rate_limit_delay_max_milliseconds: 100
2021/11/20-11:05:53.371965 11296be00                Options.disable_auto_compactions: 0
2021/11/20-11:05:53.371966 11296be00                        Options.compaction_style: kCompactionStyleLevel
2021/11/20-11:05:53.371968 11296be00                          Options.compaction_pri: kMinOverlappingRatio
2021/11/20-11:05:53.371969 11296be00 Options.compaction_options_universal.size_ratio: 1
2021/11/20-11:05:53.371970 11296be00 Options.compaction_options_universal.min_merge_width: 2
2021/11/20-11:05:53.371971 11296be00 Options.compaction_options_universal.max_merge_width: 4294967295
2021/11/20-11:05:53.371972 11296be00 Options.compaction_options_universal.max_size_amplification_percent: 200
2021/11/20-11:05:53.371974 11296be00 Options.compaction_options_universal.compression_size_percent: -1
2021/11/20-11:05:53.371976 11296be00 Options.compaction_options_universal.stop_style: kCompactionStopStyleTotalSize
2021/11/20-11:05:53.371977 11296be00 Options.compaction_options_fifo.max_table_files_size: 1073741824
2021/11/20-11:05:53.371978 11296be00 Options.compaction_options_fifo.allow_compaction: 0
2021/11/20-11:05:53.371981 11296be00                   Options.table_properties_collectors: 
2021/11/20-11:05:53.371982 11296be00                   Options.inplace_update_support: 0
2021/11/20-11:05:53.371983 11296be00                 Options.inplace_update_num_locks: 10000
2021/11/20-11:05:53.371984 11296be00               Options.memtable_prefix_bloom_size_ratio: 0.000000
2021/11/20-11:05:53.371985 11296be00               Options.memtable_whole_key_filtering: 0
2021/11/20-11:05:53.371986 11296be00   Options.memtable_huge_page_size: 0
2021/11/20-11:05:53.371987 11296be00                           Options.bloom_locality: 0
2021/11/20-11:05:53.372008 11296be00                    Options.max_successive_merges: 0
2021/11/20-11:05:53.372010 11296be00                Options.optimize_filters_for_hits: 0
2021/11/20-11:05:53.372011 11296be00                Options.paranoid_file_checks: 0
2021/11/20-11:05:53.372012 11296be00                Options.force_consistency_checks: 1
2021/11/20-11:05:53.372014 11296be00                Options.report_bg_io_stats: 0
2021/11/20-11:05:53.372015 11296be00                               Options.ttl: 2592000
2021/11/20-11:05:53.372016 11296be00          Options.periodic_compaction_seconds: 0
2021/11/20-11:05:53.372017 11296be00                    Options.enable_blob_files: false
2021/11/20-11:05:53.372018 11296be00                        Options.min_blob_size: 0
2021/11/20-11:05:53.372019 11296be00                       Options.blob_file_size: 268435456
2021/11/20-11:05:53.372020 11296be00                Options.blob_compression_type: NoCompression
2021/11/20-11:05:53.372021 11296be00       Options.enable_blob_garbage_collection: false
2021/11/20-11:05:53.372023 11296be00   Options.blob_garbage_collection_age_cutoff: 0.250000
2021/11/20-11:05:53.372096 11296be00 [db/column_family.cc:597] --------------- Options for column family [meta]:
2021/11/20-11:05:53.372099 11296be00               Options.comparator: leveldb.BytewiseComparator
2021/11/20-11:05:53.372100 11296be00           Options.merge_operator: None
2021/11/20-11:05:53.372101 11296be00        Options.compaction_filter: None
2021/11/20-11:05:53.372103 11296be00        Options.compaction_filter_factory: purged_slot_filter_factory(meta)
2021/11/20-11:05:53.372105 11296be00  Options.sst_partitioner_factory: None
2021/11/20-11:05:53.372106 11296be00         Options.memtable_factory: SkipListFactory
2021/11/20-11:05:53.372107 11296be00            Options.table_factory: BlockBasedTable
2021/11/20-11:05:53.372120 11296be00            table_factory options:   flush_block_policy_factory: FlushBlockBySizePolicyFactory (0x7fc61f50d090)
  cache_index_and_filter_blocks: 0
  cache_index_and_filter_blocks_with_high_priority: 1
  pin_l0_filter_and_index_blocks_in_cache: 0
  pin_top_level_index_and_filter: 1
  index_type: 0
  data_block_index_type: 0
  index_shortening: 1
  data_block_hash_table_util_ratio: 0.750000
  hash_index_allow_collision: 1
  checksum: 1
  no_block_cache: 0
  block_cache: 0x7fc61f50d0d8
  block_cache_name: LRUCache
  block_cache_options:
    capacity : 8388608
    num_shard_bits : 4
    strict_capacity_limit : 0
    memory_allocator : None
    high_pri_pool_ratio: 0.000
  block_cache_compressed: 0x0
  persistent_cache: 0x0
  block_size: 4096
  block_size_deviation: 10
  block_restart_interval: 16
  index_block_restart_interval: 1
  metadata_block_size: 4096
  partition_filters: 0
  use_delta_encoding: 1
  filter_policy: nullptr
  whole_key_filtering: 1
  verify_compression: 0
  read_amp_bytes_per_bit: 0
  format_version: 4
  enable_index_compression: 1
  block_align: 0
2021/11/20-11:05:53.372124 11296be00        Options.write_buffer_size: 268435456
2021/11/20-11:05:53.372125 11296be00  Options.max_write_buffer_number: 8
2021/11/20-11:05:53.372126 11296be00          Options.compression: NoCompression
2021/11/20-11:05:53.372128 11296be00                  Options.bottommost_compression: Disabled
2021/11/20-11:05:53.372129 11296be00       Options.prefix_extractor: nullptr
2021/11/20-11:05:53.372130 11296be00   Options.memtable_insert_with_hint_prefix_extractor: nullptr
2021/11/20-11:05:53.372131 11296be00             Options.num_levels: 7
2021/11/20-11:05:53.372132 11296be00        Options.min_write_buffer_number_to_merge: 1
2021/11/20-11:05:53.372133 11296be00     Options.max_write_buffer_number_to_maintain: 0
2021/11/20-11:05:53.372134 11296be00     Options.max_write_buffer_size_to_maintain: 0
2021/11/20-11:05:53.372136 11296be00            Options.bottommost_compression_opts.window_bits: -14
2021/11/20-11:05:53.372137 11296be00                  Options.bottommost_compression_opts.level: 32767
2021/11/20-11:05:53.372138 11296be00               Options.bottommost_compression_opts.strategy: 0
2021/11/20-11:05:53.372170 11296be00         Options.bottommost_compression_opts.max_dict_bytes: 0
2021/11/20-11:05:53.372175 11296be00         Options.bottommost_compression_opts.zstd_max_train_bytes: 0
2021/11/20-11:05:53.372177 11296be00         Options.bottommost_compression_opts.parallel_threads: 1
2021/11/20-11:05:53.372178 11296be00                  Options.bottommost_compression_opts.enabled: false
2021/11/20-11:05:53.372180 11296be00            Options.compression_opts.window_bits: -14
2021/11/20-11:05:53.372181 11296be00                  Options.compression_opts.level: 32767
2021/11/20-11:05:53.372182 11296be00               Options.compression_opts.strategy: 0
2021/11/20-11:05:53.372184 11296be00         Options.compression_opts.max_dict_bytes: 0
2021/11/20-11:05:53.372185 11296be00         Options.compression_opts.zstd_max_train_bytes: 0
2021/11/20-11:05:53.372186 11296be00         Options.compression_opts.parallel_threads: 1
2021/11/20-11:05:53.372187 11296be00                  Options.compression_opts.enabled: false
2021/11/20-11:05:53.372189 11296be00      Options.level0_file_num_compaction_trigger: 4
2021/11/20-11:05:53.372190 11296be00          Options.level0_slowdown_writes_trigger: 20
2021/11/20-11:05:53.372191 11296be00              Options.level0_stop_writes_trigger: 36
2021/11/20-11:05:53.372193 11296be00                   Options.target_file_size_base: 107374182
2021/11/20-11:05:53.372194 11296be00             Options.target_file_size_multiplier: 1
2021/11/20-11:05:53.372196 11296be00                Options.max_bytes_for_level_base: 1073741824
2021/11/20-11:05:53.372197 11296be00 Options.level_compaction_dynamic_level_bytes: 0
2021/11/20-11:05:53.372198 11296be00          Options.max_bytes_for_level_multiplier: 10.000000
2021/11/20-11:05:53.372201 11296be00 Options.max_bytes_for_level_multiplier_addtl[0]: 1
2021/11/20-11:05:53.372203 11296be00 Options.max_bytes_for_level_multiplier_addtl[1]: 1
2021/11/20-11:05:53.372204 11296be00 Options.max_bytes_for_level_multiplier_addtl[2]: 1
2021/11/20-11:05:53.372206 11296be00 Options.max_bytes_for_level_multiplier_addtl[3]: 1
2021/11/20-11:05:53.372207 11296be00 Options.max_bytes_for_level_multiplier_addtl[4]: 1
2021/11/20-11:05:53.372208 11296be00 Options.max_bytes_for_level_multiplier_addtl[5]: 1
2021/11/20-11:05:53.372210 11296be00 Options.max_bytes_for_level_multiplier_addtl[6]: 1
2021/11/20-11:05:53.372211 11296be00       Options.max_sequential_skip_in_iterations: 8
2021/11/20-11:05:53.372212 11296be00                    Options.max_compaction_bytes: 2684354550
2021/11/20-11:05:53.372214 11296be00                        Options.arena_block_size: 33554432
2021/11/20-11:05:53.372215 11296be00   Options.soft_pending_compaction_bytes_limit: 68719476736
2021/11/20-11:05:53.372216 11296be00   Options.hard_pending_compaction_bytes_limit: 274877906944
2021/11/20-11:05:53.372218 11296be00       Options.rate_limit_delay_max_milliseconds: 100
2021/11/20-11:05:53.372219 11296be00                Options.disable_auto_compactions: 0
2021/11/20-11:05:53.372220 11296be00                        Options.compaction_style: kCompactionStyleLevel
2021/11/20-11:05:53.372222 11296be00                          Options.compaction_pri: kMinOverlappingRatio
2021/11/20-11:05:53.372224 11296be00 Options.compaction_options_universal.size_ratio: 1
2021/11/20-11:05:53.372225 11296be00 Options.compaction_options_universal.min_merge_width: 2
2021/11/20-11:05:53.372226 11296be00 Options.compaction_options_universal.max_merge_width: 4294967295
2021/11/20-11:05:53.372228 11296be00 Options.compaction_options_universal.max_size_amplification_percent: 200
2021/11/20-11:05:53.372229 11296be00 Options.compaction_options_universal.compression_size_percent: -1
2021/11/20-11:05:53.372233 11296be00 Options.compaction_options_universal.stop_style: kCompactionStopStyleTotalSize
2021/11/20-11:05:53.372234 11296be00 Options.compaction_options_fifo.max_table_files_size: 1073741824
2021/11/20-11:05:53.372235 11296be00 Options.compaction_options_fifo.allow_compaction: 0
2021/11/20-11:05:53.372271 11296be00                   Options.table_properties_collectors: 
2021/11/20-11:05:53.372273 11296be00                   Options.inplace_update_support: 0
2021/11/20-11:05:53.372274 11296be00                 Options.inplace_update_num_locks: 10000
2021/11/20-11:05:53.372276 11296be00               Options.memtable_prefix_bloom_size_ratio: 0.000000
2021/11/20-11:05:53.372277 11296be00               Options.memtable_whole_key_filtering: 0
2021/11/20-11:05:53.372278 11296be00   Options.memtable_huge_page_size: 0
2021/11/20-11:05:53.372280 11296be00                           Options.bloom_locality: 0
2021/11/20-11:05:53.372281 11296be00                    Options.max_successive_merges: 0
2021/11/20-11:05:53.372282 11296be00                Options.optimize_filters_for_hits: 0
2021/11/20-11:05:53.372283 11296be00                Options.paranoid_file_checks: 0
2021/11/20-11:05:53.372284 11296be00                Options.force_consistency_checks: 1
2021/11/20-11:05:53.372285 11296be00                Options.report_bg_io_stats: 0
2021/11/20-11:05:53.372286 11296be00                               Options.ttl: 2592000
2021/11/20-11:05:53.372288 11296be00          Options.periodic_compaction_seconds: 2592000
2021/11/20-11:05:53.372289 11296be00                    Options.enable_blob_files: false
2021/11/20-11:05:53.372290 11296be00                        Options.min_blob_size: 0
2021/11/20-11:05:53.372291 11296be00                       Options.blob_file_size: 268435456
2021/11/20-11:05:53.372293 11296be00                Options.blob_compression_type: NoCompression
2021/11/20-11:05:53.372294 11296be00       Options.enable_blob_garbage_collection: false
2021/11/20-11:05:53.372295 11296be00   Options.blob_garbage_collection_age_cutoff: 0.250000
2021/11/20-11:05:53.372327 11296be00 [db/column_family.cc:597] --------------- Options for column family [dead_slots]:
2021/11/20-11:05:53.372329 11296be00               Options.comparator: leveldb.BytewiseComparator
2021/11/20-11:05:53.372330 11296be00           Options.merge_operator: None
2021/11/20-11:05:53.372331 11296be00        Options.compaction_filter: None
2021/11/20-11:05:53.372332 11296be00        Options.compaction_filter_factory: purged_slot_filter_factory(dead_slots)
2021/11/20-11:05:53.372334 11296be00  Options.sst_partitioner_factory: None
2021/11/20-11:05:53.372335 11296be00         Options.memtable_factory: SkipListFactory
2021/11/20-11:05:53.372336 11296be00            Options.table_factory: BlockBasedTable
2021/11/20-11:05:53.372356 11296be00            table_factory options:   flush_block_policy_factory: FlushBlockBySizePolicyFactory (0x7fc61f50ae20)
  cache_index_and_filter_blocks: 0
  cache_index_and_filter_blocks_with_high_priority: 1
  pin_l0_filter_and_index_blocks_in_cache: 0
  pin_top_level_index_and_filter: 1
  index_type: 0
  data_block_index_type: 0
  index_shortening: 1
  data_block_hash_table_util_ratio: 0.750000
  hash_index_allow_collision: 1
  checksum: 1
  no_block_cache: 0
  block_cache: 0x7fc61f50ae68
  block_cache_name: LRUCache
  block_cache_options:
    capacity : 8388608
    num_shard_bits : 4
    strict_capacity_limit : 0
    memory_allocator : None
    high_pri_pool_ratio: 0.000
  block_cache_compressed: 0x0
  persistent_cache: 0x0
  block_size: 4096
  block_size_deviation: 10
  block_restart_interval: 16
  index_block_restart_interval: 1
  metadata_block_size: 4096
  partition_filters: 0
  use_delta_encoding: 1
  filter_policy: nullptr
  whole_key_filtering: 1
  verify_compression: 0
  read_amp_bytes_per_bit: 0
  format_version: 4
  enable_index_compression: 1
  block_align: 0
2021/11/20-11:05:53.372359 11296be00        Options.write_buffer_size: 268435456
2021/11/20-11:05:53.372361 11296be00  Options.max_write_buffer_number: 8
2021/11/20-11:05:53.372362 11296be00          Options.compression: NoCompression
2021/11/20-11:05:53.372364 11296be00                  Options.bottommost_compression: Disabled
2021/11/20-11:05:53.372365 11296be00       Options.prefix_extractor: nullptr
2021/11/20-11:05:53.372367 11296be00   Options.memtable_insert_with_hint_prefix_extractor: nullptr
2021/11/20-11:05:53.372390 11296be00             Options.num_levels: 7
2021/11/20-11:05:53.372392 11296be00        Options.min_write_buffer_number_to_merge: 1
2021/11/20-11:05:53.372393 11296be00     Options.max_write_buffer_number_to_maintain: 0
2021/11/20-11:05:53.372395 11296be00     Options.max_write_buffer_size_to_maintain: 0
2021/11/20-11:05:53.372396 11296be00            Options.bottommost_compression_opts.window_bits: -14
2021/11/20-11:05:53.372397 11296be00                  Options.bottommost_compression_opts.level: 32767
2021/11/20-11:05:53.372398 11296be00               Options.bottommost_compression_opts.strategy: 0
2021/11/20-11:05:53.372400 11296be00         Options.bottommost_compression_opts.max_dict_bytes: 0
2021/11/20-11:05:53.372401 11296be00         Options.bottommost_compression_opts.zstd_max_train_bytes: 0
2021/11/20-11:05:53.372402 11296be00         Options.bottommost_compression_opts.parallel_threads: 1
2021/11/20-11:05:53.372403 11296be00                  Options.bottommost_compression_opts.enabled: false
2021/11/20-11:05:53.372404 11296be00            Options.compression_opts.window_bits: -14
2021/11/20-11:05:53.372406 11296be00                  Options.compression_opts.level: 32767
2021/11/20-11:05:53.372407 11296be00               Options.compression_opts.strategy: 0
2021/11/20-11:05:53.372408 11296be00         Options.compression_opts.max_dict_bytes: 0
2021/11/20-11:05:53.372409 11296be00         Options.compression_opts.zstd_max_train_bytes: 0
2021/11/20-11:05:53.372410 11296be00         Options.compression_opts.parallel_threads: 1
2021/11/20-11:05:53.372412 11296be00                  Options.compression_opts.enabled: false
2021/11/20-11:05:53.372413 11296be00      Options.level0_file_num_compaction_trigger: 4
2021/11/20-11:05:53.372414 11296be00          Options.level0_slowdown_writes_trigger: 20
2021/11/20-11:05:53.372415 11296be00              Options.level0_stop_writes_trigger: 36
2021/11/20-11:05:53.372416 11296be00                   Options.target_file_size_base: 107374182
2021/11/20-11:05:53.372418 11296be00             Options.target_file_size_multiplier: 1
2021/11/20-11:05:53.372443 11296be00                Options.max_bytes_for_level_base: 1073741824
2021/11/20-11:05:53.372445 11296be00 Options.level_compaction_dynamic_level_bytes: 0
2021/11/20-11:05:53.372446 11296be00          Options.max_bytes_for_level_multiplier: 10.000000
2021/11/20-11:05:53.372448 11296be00 Options.max_bytes_for_level_multiplier_addtl[0]: 1
2021/11/20-11:05:53.372450 11296be00 Options.max_bytes_for_level_multiplier_addtl[1]: 1
2021/11/20-11:05:53.372451 11296be00 Options.max_bytes_for_level_multiplier_addtl[2]: 1
2021/11/20-11:05:53.372452 11296be00 Options.max_bytes_for_level_multiplier_addtl[3]: 1
2021/11/20-11:05:53.372454 11296be00 Options.max_bytes_for_level_multiplier_addtl[4]: 1
2021/11/20-11:05:53.372455 11296be00 Options.max_bytes_for_level_multiplier_addtl[5]: 1
2021/11/20-11:05:53.372456 11296be00 Options.max_bytes_for_level_multiplier_addtl[6]: 1
2021/11/20-11:05:53.372458 11296be00       Options.max_sequential_skip_in_iterations: 8
2021/11/20-11:05:53.372459 11296be00                    Options.max_compaction_bytes: 2684354550
2021/11/20-11:05:53.372460 11296be00                        Options.arena_block_size: 33554432
2021/11/20-11:05:53.372462 11296be00   Options.soft_pending_compaction_bytes_limit: 68719476736
2021/11/20-11:05:53.372463 11296be00   Options.hard_pending_compaction_bytes_limit: 274877906944
2021/11/20-11:05:53.372464 11296be00       Options.rate_limit_delay_max_milliseconds: 100
2021/11/20-11:05:53.372465 11296be00                Options.disable_auto_compactions: 0
2021/11/20-11:05:53.372467 11296be00                        Options.compaction_style: kCompactionStyleLevel
2021/11/20-11:05:53.372468 11296be00                          Options.compaction_pri: kMinOverlappingRatio
2021/11/20-11:05:53.372469 11296be00 Options.compaction_options_universal.size_ratio: 1
2021/11/20-11:05:53.372470 11296be00 Options.compaction_options_universal.min_merge_width: 2
2021/11/20-11:05:53.372493 11296be00 Options.compaction_options_universal.max_merge_width: 4294967295
2021/11/20-11:05:53.372496 11296be00 Options.compaction_options_universal.max_size_amplification_percent: 200
2021/11/20-11:05:53.372497 11296be00 Options.compaction_options_universal.compression_size_percent: -1
2021/11/20-11:05:53.372499 11296be00 Options.compaction_options_universal.stop_style: kCompactionStopStyleTotalSize
2021/11/20-11:05:53.372501 11296be00 Options.compaction_options_fifo.max_table_files_size: 1073741824
2021/11/20-11:05:53.372502 11296be00 Options.compaction_options_fifo.allow_compaction: 0
2021/11/20-11:05:53.372504 11296be00                   Options.table_properties_collectors: 
2021/11/20-11:05:53.372506 11296be00                   Options.inplace_update_support: 0
2021/11/20-11:05:53.372507 11296be00                 Options.inplace_update_num_locks: 10000
2021/11/20-11:05:53.372509 11296be00               Options.memtable_prefix_bloom_size_ratio: 0.000000
2021/11/20-11:05:53.372510 11296be00               Options.memtable_whole_key_filtering: 0
2021/11/20-11:05:53.372511 11296be00   Options.memtable_huge_page_size: 0
2021/11/20-11:05:53.372512 11296be00                           Options.bloom_locality: 0
2021/11/20-11:05:53.372514 11296be00                    Options.max_successive_merges: 0
2021/11/20-11:05:53.372515 11296be00                Options.optimize_filters_for_hits: 0
2021/11/20-11:05:53.372516 11296be00                Options.paranoid_file_checks: 0
2021/11/20-11:05:53.372517 11296be00                Options.force_consistency_checks: 1
2021/11/20-11:05:53.372518 11296be00                Options.report_bg_io_stats: 0
2021/11/20-11:05:53.372520 11296be00                               Options.ttl: 2592000
2021/11/20-11:05:53.372521 11296be00          Options.periodic_compaction_seconds: 2592000
2021/11/20-11:05:53.372522 11296be00                    Options.enable_blob_files: false
2021/11/20-11:05:53.372523 11296be00                        Options.min_blob_size: 0
2021/11/20-11:05:53.372524 11296be00                       Options.blob_file_size: 268435456
2021/11/20-11:05:53.372526 11296be00                Options.blob_compression_type: NoCompression
2021/11/20-11:05:53.372527 11296be00       Options.enable_blob_garbage_collection: false
2021/11/20-11:05:53.372528 11296be00   Options.blob_garbage_collection_age_cutoff: 0.250000
2021/11/20-11:05:53.372586 11296be00 [db/column_family.cc:597] --------------- Options for column family [duplicate_slots]:
2021/11/20-11:05:53.372588 11296be00               Options.comparator: leveldb.BytewiseComparator
2021/11/20-11:05:53.372590 11296be00           Options.merge_operator: None
2021/11/20-11:05:53.372591 11296be00        Options.compaction_filter: None
2021/11/20-11:05:53.372593 11296be00        Options.compaction_filter_factory: purged_slot_filter_factory(duplicate_slots)
2021/11/20-11:05:53.372594 11296be00  Options.sst_partitioner_factory: None
2021/11/20-11:05:53.372595 11296be00         Options.memtable_factory: SkipListFactory
2021/11/20-11:05:53.372596 11296be00            Options.table_factory: BlockBasedTable
2021/11/20-11:05:53.372609 11296be00            table_factory options:   flush_block_policy_factory: FlushBlockBySizePolicyFactory (0x7fc61f50ba80)
  cache_index_and_filter_blocks: 0
  cache_index_and_filter_blocks_with_high_priority: 1
  pin_l0_filter_and_index_blocks_in_cache: 0
  pin_top_level_index_and_filter: 1
  index_type: 0
  data_block_index_type: 0
  index_shortening: 1
  data_block_hash_table_util_ratio: 0.750000
  hash_index_allow_collision: 1
  checksum: 1
  no_block_cache: 0
  block_cache: 0x7fc61f50bac8
  block_cache_name: LRUCache
  block_cache_options:
    capacity : 8388608
    num_shard_bits : 4
    strict_capacity_limit : 0
    memory_allocator : None
    high_pri_pool_ratio: 0.000
  block_cache_compressed: 0x0
  persistent_cache: 0x0
  block_size: 4096
  block_size_deviation: 10
  block_restart_interval: 16
  index_block_restart_interval: 1
  metadata_block_size: 4096
  partition_filters: 0
  use_delta_encoding: 1
  filter_policy: nullptr
  whole_key_filtering: 1
  verify_compression: 0
  read_amp_bytes_per_bit: 0
  format_version: 4
  enable_index_compression: 1
  block_align: 0
2021/11/20-11:05:53.372634 11296be00        Options.write_buffer_size: 268435456
2021/11/20-11:05:53.372636 11296be00  Options.max_write_buffer_number: 8
2021/11/20-11:05:53.372638 11296be00          Options.compression: NoCompression
2021/11/20-11:05:53.372639 11296be00                  Options.bottommost_compression: Disabled
2021/11/20-11:05:53.372640 11296be00       Options.prefix_extractor: nullptr
2021/11/20-11:05:53.372641 11296be00   Options.memtable_insert_with_hint_prefix_extractor: nullptr
2021/11/20-11:05:53.372642 11296be00             Options.num_levels: 7
2021/11/20-11:05:53.372643 11296be00        Options.min_write_buffer_number_to_merge: 1
2021/11/20-11:05:53.372644 11296be00     Options.max_write_buffer_number_to_maintain: 0
2021/11/20-11:05:53.372645 11296be00     Options.max_write_buffer_size_to_maintain: 0
2021/11/20-11:05:53.372646 11296be00            Options.bottommost_compression_opts.window_bits: -14
2021/11/20-11:05:53.372647 11296be00                  Options.bottommost_compression_opts.level: 32767
2021/11/20-11:05:53.372648 11296be00               Options.bottommost_compression_opts.strategy: 0
2021/11/20-11:05:53.372649 11296be00         Options.bottommost_compression_opts.max_dict_bytes: 0
2021/11/20-11:05:53.372650 11296be00         Options.bottommost_compression_opts.zstd_max_train_bytes: 0
2021/11/20-11:05:53.372651 11296be00         Options.bottommost_compression_opts.parallel_threads: 1
2021/11/20-11:05:53.372652 11296be00                  Options.bottommost_compression_opts.enabled: false
2021/11/20-11:05:53.372654 11296be00            Options.compression_opts.window_bits: -14
2021/11/20-11:05:53.372655 11296be00                  Options.compression_opts.level: 32767
2021/11/20-11:05:53.372656 11296be00               Options.compression_opts.strategy: 0
2021/11/20-11:05:53.372657 11296be00         Options.compression_opts.max_dict_bytes: 0
2021/11/20-11:05:53.372658 11296be00         Options.compression_opts.zstd_max_train_bytes: 0
2021/11/20-11:05:53.372659 11296be00         Options.compression_opts.parallel_threads: 1
2021/11/20-11:05:53.372660 11296be00                  Options.compression_opts.enabled: false
2021/11/20-11:05:53.372661 11296be00      Options.level0_file_num_compaction_trigger: 4
2021/11/20-11:05:53.372662 11296be00          Options.level0_slowdown_writes_trigger: 20
2021/11/20-11:05:53.372663 11296be00              Options.level0_stop_writes_trigger: 36
2021/11/20-11:05:53.372664 11296be00                   Options.target_file_size_base: 107374182
2021/11/20-11:05:53.372665 11296be00             Options.target_file_size_multiplier: 1
2021/11/20-11:05:53.372666 11296be00                Options.max_bytes_for_level_base: 1073741824
2021/11/20-11:05:53.372667 11296be00 Options.level_compaction_dynamic_level_bytes: 0
