2021/11/20-11:05:52.913864 11296be00 RocksDB version: 6.17.3
2021/11/20-11:05:52.914274 11296be00 Git sha rocksdb_build_git_sha:@09c7e96eac1ab983f97ce9e0406730b8014b3398@
2021/11/20-11:05:52.914276 11296be00 Compile date Nov 17 2021
2021/11/20-11:05:52.914303 11296be00 DB SUMMARY
2021/11/20-11:05:52.914306 11296be00 DB Session ID:  H9C99POJFJE3WU708S74
2021/11/20-11:05:52.914376 11296be00 SST files in test-ledger/rocksdb dir, Total Num: 0, files: 
2021/11/20-11:05:52.914378 11296be00 Write Ahead Log file in test-ledger/rocksdb: 
2021/11/20-11:05:52.914380 11296be00                         Options.error_if_exists: 0
2021/11/20-11:05:52.914381 11296be00                       Options.create_if_missing: 1
2021/11/20-11:05:52.914382 11296be00                         Options.paranoid_checks: 1
2021/11/20-11:05:52.914382 11296be00                               Options.track_and_verify_wals_in_manifest: 0
2021/11/20-11:05:52.914383 11296be00                                     Options.env: 0x10abb5968
2021/11/20-11:05:52.914384 11296be00                                      Options.fs: Posix File System
2021/11/20-11:05:52.914385 11296be00                                Options.info_log: 0x7fc61f41cfb0
2021/11/20-11:05:52.914386 11296be00                Options.max_file_opening_threads: 16
2021/11/20-11:05:52.914386 11296be00                              Options.statistics: 0x0
2021/11/20-11:05:52.914387 11296be00                               Options.use_fsync: 0
2021/11/20-11:05:52.914388 11296be00                       Options.max_log_file_size: 0
2021/11/20-11:05:52.914389 11296be00                  Options.max_manifest_file_size: 1073741824
2021/11/20-11:05:52.914389 11296be00                   Options.log_file_time_to_roll: 0
2021/11/20-11:05:52.914390 11296be00                       Options.keep_log_file_num: 1000
2021/11/20-11:05:52.914391 11296be00                    Options.recycle_log_file_num: 0
2021/11/20-11:05:52.914392 11296be00                         Options.allow_fallocate: 1
2021/11/20-11:05:52.914392 11296be00                        Options.allow_mmap_reads: 0
2021/11/20-11:05:52.914393 11296be00                       Options.allow_mmap_writes: 0
2021/11/20-11:05:52.914394 11296be00                        Options.use_direct_reads: 0
2021/11/20-11:05:52.914394 11296be00                        Options.use_direct_io_for_flush_and_compaction: 0
2021/11/20-11:05:52.914395 11296be00          Options.create_missing_column_families: 1
2021/11/20-11:05:52.914396 11296be00                              Options.db_log_dir: 
2021/11/20-11:05:52.914397 11296be00                                 Options.wal_dir: test-ledger/rocksdb
2021/11/20-11:05:52.914397 11296be00                Options.table_cache_numshardbits: 6
2021/11/20-11:05:52.914398 11296be00                         Options.WAL_ttl_seconds: 0
2021/11/20-11:05:52.914399 11296be00                       Options.WAL_size_limit_MB: 0
2021/11/20-11:05:52.914399 11296be00                        Options.max_write_batch_group_size_bytes: 1048576
2021/11/20-11:05:52.914400 11296be00             Options.manifest_preallocation_size: 4194304
2021/11/20-11:05:52.914401 11296be00                     Options.is_fd_close_on_exec: 1
2021/11/20-11:05:52.914402 11296be00                   Options.advise_random_on_open: 1
2021/11/20-11:05:52.914402 11296be00                    Options.db_write_buffer_size: 0
2021/11/20-11:05:52.914403 11296be00                    Options.write_buffer_manager: 0x7fc61f41cf70
2021/11/20-11:05:52.914404 11296be00         Options.access_hint_on_compaction_start: 1
2021/11/20-11:05:52.914405 11296be00  Options.new_table_reader_for_compaction_inputs: 0
2021/11/20-11:05:52.914405 11296be00           Options.random_access_max_buffer_size: 1048576
2021/11/20-11:05:52.914406 11296be00                      Options.use_adaptive_mutex: 0
2021/11/20-11:05:52.914407 11296be00                            Options.rate_limiter: 0x0
2021/11/20-11:05:52.914409 11296be00     Options.sst_file_manager.rate_bytes_per_sec: 0
2021/11/20-11:05:52.914410 11296be00                       Options.wal_recovery_mode: 2
2021/11/20-11:05:52.914410 11296be00                  Options.enable_thread_tracking: 0
2021/11/20-11:05:52.914431 11296be00                  Options.enable_pipelined_write: 0
2021/11/20-11:05:52.914432 11296be00                  Options.unordered_write: 0
2021/11/20-11:05:52.914433 11296be00         Options.allow_concurrent_memtable_write: 1
2021/11/20-11:05:52.914433 11296be00      Options.enable_write_thread_adaptive_yield: 1
2021/11/20-11:05:52.914434 11296be00             Options.write_thread_max_yield_usec: 100
2021/11/20-11:05:52.914435 11296be00            Options.write_thread_slow_yield_usec: 3
2021/11/20-11:05:52.914436 11296be00                               Options.row_cache: None
2021/11/20-11:05:52.914436 11296be00                              Options.wal_filter: None
2021/11/20-11:05:52.914437 11296be00             Options.avoid_flush_during_recovery: 0
2021/11/20-11:05:52.914438 11296be00             Options.allow_ingest_behind: 0
2021/11/20-11:05:52.914439 11296be00             Options.preserve_deletes: 0
2021/11/20-11:05:52.914439 11296be00             Options.two_write_queues: 0
2021/11/20-11:05:52.914440 11296be00             Options.manual_wal_flush: 0
2021/11/20-11:05:52.914441 11296be00             Options.atomic_flush: 0
2021/11/20-11:05:52.914441 11296be00             Options.avoid_unnecessary_blocking_io: 0
2021/11/20-11:05:52.914442 11296be00                 Options.persist_stats_to_disk: 0
2021/11/20-11:05:52.914443 11296be00                 Options.write_dbid_to_manifest: 0
2021/11/20-11:05:52.914444 11296be00                 Options.log_readahead_size: 0
2021/11/20-11:05:52.914444 11296be00                 Options.file_checksum_gen_factory: Unknown
2021/11/20-11:05:52.914445 11296be00                 Options.best_efforts_recovery: 0
2021/11/20-11:05:52.914446 11296be00                Options.max_bgerror_resume_count: 2147483647
2021/11/20-11:05:52.914447 11296be00            Options.bgerror_resume_retry_interval: 1000000
2021/11/20-11:05:52.914447 11296be00             Options.allow_data_in_errors: 0
2021/11/20-11:05:52.914448 11296be00             Options.db_host_id: __hostname__
2021/11/20-11:05:52.914449 11296be00             Options.max_background_jobs: 8
2021/11/20-11:05:52.914450 11296be00             Options.max_background_compactions: -1
2021/11/20-11:05:52.914450 11296be00             Options.max_subcompactions: 1
2021/11/20-11:05:52.914451 11296be00             Options.avoid_flush_during_shutdown: 0
2021/11/20-11:05:52.914452 11296be00           Options.writable_file_max_buffer_size: 1048576
2021/11/20-11:05:52.914453 11296be00             Options.delayed_write_rate : 16777216
2021/11/20-11:05:52.914453 11296be00             Options.max_total_wal_size: 4294967296
2021/11/20-11:05:52.914454 11296be00             Options.delete_obsolete_files_period_micros: 21600000000
2021/11/20-11:05:52.914455 11296be00                   Options.stats_dump_period_sec: 600
2021/11/20-11:05:52.914456 11296be00                 Options.stats_persist_period_sec: 600
2021/11/20-11:05:52.914456 11296be00                 Options.stats_history_buffer_size: 1048576
2021/11/20-11:05:52.914457 11296be00                          Options.max_open_files: -1
2021/11/20-11:05:52.914458 11296be00                          Options.bytes_per_sync: 0
2021/11/20-11:05:52.914459 11296be00                      Options.wal_bytes_per_sync: 0
2021/11/20-11:05:52.914459 11296be00                   Options.strict_bytes_per_sync: 0
2021/11/20-11:05:52.914460 11296be00       Options.compaction_readahead_size: 0
2021/11/20-11:05:52.914461 11296be00                  Options.max_background_flushes: -1
2021/11/20-11:05:52.914461 11296be00 Compression algorithms supported:
2021/11/20-11:05:52.914464 11296be00 	kZSTD supported: 0
2021/11/20-11:05:52.914465 11296be00 	kZlibCompression supported: 0
2021/11/20-11:05:52.914466 11296be00 	kXpressCompression supported: 0
2021/11/20-11:05:52.914467 11296be00 	kSnappyCompression supported: 0
2021/11/20-11:05:52.914467 11296be00 	kZSTDNotFinalCompression supported: 0
2021/11/20-11:05:52.914468 11296be00 	kLZ4HCCompression supported: 1
2021/11/20-11:05:52.914481 11296be00 	kLZ4Compression supported: 1
2021/11/20-11:05:52.914482 11296be00 	kBZip2Compression supported: 0
2021/11/20-11:05:52.914483 11296be00 Fast CRC32 supported: Supported on x86
2021/11/20-11:05:52.914949 11296be00 [db/db_impl/db_impl_open.cc:283] Creating manifest 1 
2021/11/20-11:05:52.915806 11296be00 [db/version_set.cc:4757] Recovering from manifest file: test-ledger/rocksdb/MANIFEST-000001
2021/11/20-11:05:52.915978 11296be00 [db/column_family.cc:597] --------------- Options for column family [default]:
2021/11/20-11:05:52.915984 11296be00               Options.comparator: leveldb.BytewiseComparator
2021/11/20-11:05:52.915985 11296be00           Options.merge_operator: None
2021/11/20-11:05:52.915986 11296be00        Options.compaction_filter: None
2021/11/20-11:05:52.915987 11296be00        Options.compaction_filter_factory: None
2021/11/20-11:05:52.915988 11296be00  Options.sst_partitioner_factory: None
2021/11/20-11:05:52.915989 11296be00         Options.memtable_factory: SkipListFactory
2021/11/20-11:05:52.915989 11296be00            Options.table_factory: BlockBasedTable
2021/11/20-11:05:52.916006 11296be00            table_factory options:   flush_block_policy_factory: FlushBlockBySizePolicyFactory (0x7fc61f40ff80)
  cache_index_and_filter_blocks: 0
  cache_index_and_filter_blocks_with_high_priority: 1
  pin_l0_filter_and_index_blocks_in_cache: 0
  pin_top_level_index_and_filter: 1
  index_type: 0
  data_block_index_type: 0
  index_shortening: 1
  data_block_hash_table_util_ratio: 0.750000
  hash_index_allow_collision: 1
  checksum: 1
  no_block_cache: 0
  block_cache: 0x7fc61f41bed8
  block_cache_name: LRUCache
  block_cache_options:
    capacity : 8388608
    num_shard_bits : 4
    strict_capacity_limit : 0
    memory_allocator : None
    high_pri_pool_ratio: 0.000
  block_cache_compressed: 0x0
  persistent_cache: 0x0
  block_size: 4096
  block_size_deviation: 10
  block_restart_interval: 16
  index_block_restart_interval: 1
  metadata_block_size: 4096
  partition_filters: 0
  use_delta_encoding: 1
  filter_policy: nullptr
  whole_key_filtering: 1
  verify_compression: 0
  read_amp_bytes_per_bit: 0
  format_version: 4
  enable_index_compression: 1
  block_align: 0
2021/11/20-11:05:52.916008 11296be00        Options.write_buffer_size: 67108864
2021/11/20-11:05:52.916009 11296be00  Options.max_write_buffer_number: 2
2021/11/20-11:05:52.916010 11296be00          Options.compression: NoCompression
2021/11/20-11:05:52.916011 11296be00                  Options.bottommost_compression: Disabled
2021/11/20-11:05:52.916011 11296be00       Options.prefix_extractor: nullptr
2021/11/20-11:05:52.916012 11296be00   Options.memtable_insert_with_hint_prefix_extractor: nullptr
2021/11/20-11:05:52.916013 11296be00             Options.num_levels: 7
2021/11/20-11:05:52.916014 11296be00        Options.min_write_buffer_number_to_merge: 1
2021/11/20-11:05:52.916014 11296be00     Options.max_write_buffer_number_to_maintain: 0
2021/11/20-11:05:52.916015 11296be00     Options.max_write_buffer_size_to_maintain: 0
2021/11/20-11:05:52.916016 11296be00            Options.bottommost_compression_opts.window_bits: -14
2021/11/20-11:05:52.916017 11296be00                  Options.bottommost_compression_opts.level: 32767
2021/11/20-11:05:52.916019 11296be00               Options.bottommost_compression_opts.strategy: 0
2021/11/20-11:05:52.916020 11296be00         Options.bottommost_compression_opts.max_dict_bytes: 0
2021/11/20-11:05:52.916021 11296be00         Options.bottommost_compression_opts.zstd_max_train_bytes: 0
2021/11/20-11:05:52.916022 11296be00         Options.bottommost_compression_opts.parallel_threads: 1
2021/11/20-11:05:52.916022 11296be00                  Options.bottommost_compression_opts.enabled: false
2021/11/20-11:05:52.916023 11296be00            Options.compression_opts.window_bits: -14
2021/11/20-11:05:52.916025 11296be00                  Options.compression_opts.level: 32767
2021/11/20-11:05:52.916025 11296be00               Options.compression_opts.strategy: 0
2021/11/20-11:05:52.916026 11296be00         Options.compression_opts.max_dict_bytes: 0
2021/11/20-11:05:52.916046 11296be00         Options.compression_opts.zstd_max_train_bytes: 0
2021/11/20-11:05:52.916047 11296be00         Options.compression_opts.parallel_threads: 1
2021/11/20-11:05:52.916048 11296be00                  Options.compression_opts.enabled: false
2021/11/20-11:05:52.916049 11296be00      Options.level0_file_num_compaction_trigger: 4
2021/11/20-11:05:52.916050 11296be00          Options.level0_slowdown_writes_trigger: 20
2021/11/20-11:05:52.916050 11296be00              Options.level0_stop_writes_trigger: 36
2021/11/20-11:05:52.916051 11296be00                   Options.target_file_size_base: 67108864
2021/11/20-11:05:52.916052 11296be00             Options.target_file_size_multiplier: 1
2021/11/20-11:05:52.916052 11296be00                Options.max_bytes_for_level_base: 268435456
2021/11/20-11:05:52.916053 11296be00 Options.level_compaction_dynamic_level_bytes: 0
2021/11/20-11:05:52.916054 11296be00          Options.max_bytes_for_level_multiplier: 10.000000
2021/11/20-11:05:52.916055 11296be00 Options.max_bytes_for_level_multiplier_addtl[0]: 1
2021/11/20-11:05:52.916056 11296be00 Options.max_bytes_for_level_multiplier_addtl[1]: 1
2021/11/20-11:05:52.916057 11296be00 Options.max_bytes_for_level_multiplier_addtl[2]: 1
2021/11/20-11:05:52.916059 11296be00 Options.max_bytes_for_level_multiplier_addtl[3]: 1
2021/11/20-11:05:52.916060 11296be00 Options.max_bytes_for_level_multiplier_addtl[4]: 1
2021/11/20-11:05:52.916061 11296be00 Options.max_bytes_for_level_multiplier_addtl[5]: 1
2021/11/20-11:05:52.916062 11296be00 Options.max_bytes_for_level_multiplier_addtl[6]: 1
2021/11/20-11:05:52.916063 11296be00       Options.max_sequential_skip_in_iterations: 8
2021/11/20-11:05:52.916064 11296be00                    Options.max_compaction_bytes: 1677721600
2021/11/20-11:05:52.916080 11296be00                        Options.arena_block_size: 8388608
2021/11/20-11:05:52.916081 11296be00   Options.soft_pending_compaction_bytes_limit: 68719476736
2021/11/20-11:05:52.916082 11296be00   Options.hard_pending_compaction_bytes_limit: 274877906944
2021/11/20-11:05:52.916083 11296be00       Options.rate_limit_delay_max_milliseconds: 100
2021/11/20-11:05:52.916084 11296be00                Options.disable_auto_compactions: 0
2021/11/20-11:05:52.916085 11296be00                        Options.compaction_style: kCompactionStyleLevel
2021/11/20-11:05:52.916086 11296be00                          Options.compaction_pri: kMinOverlappingRatio
2021/11/20-11:05:52.916087 11296be00 Options.compaction_options_universal.size_ratio: 1
2021/11/20-11:05:52.916088 11296be00 Options.compaction_options_universal.min_merge_width: 2
2021/11/20-11:05:52.916107 11296be00 Options.compaction_options_universal.max_merge_width: 4294967295
2021/11/20-11:05:52.916108 11296be00 Options.compaction_options_universal.max_size_amplification_percent: 200
2021/11/20-11:05:52.916109 11296be00 Options.compaction_options_universal.compression_size_percent: -1
2021/11/20-11:05:52.916111 11296be00 Options.compaction_options_universal.stop_style: kCompactionStopStyleTotalSize
2021/11/20-11:05:52.916112 11296be00 Options.compaction_options_fifo.max_table_files_size: 1073741824
2021/11/20-11:05:52.916113 11296be00 Options.compaction_options_fifo.allow_compaction: 0
2021/11/20-11:05:52.916119 11296be00                   Options.table_properties_collectors: 
2021/11/20-11:05:52.916120 11296be00                   Options.inplace_update_support: 0
2021/11/20-11:05:52.916121 11296be00                 Options.inplace_update_num_locks: 10000
2021/11/20-11:05:52.916122 11296be00               Options.memtable_prefix_bloom_size_ratio: 0.000000
2021/11/20-11:05:52.916123 11296be00               Options.memtable_whole_key_filtering: 0
2021/11/20-11:05:52.916124 11296be00   Options.memtable_huge_page_size: 0
2021/11/20-11:05:52.916124 11296be00                           Options.bloom_locality: 0
2021/11/20-11:05:52.916125 11296be00                    Options.max_successive_merges: 0
2021/11/20-11:05:52.916126 11296be00                Options.optimize_filters_for_hits: 0
2021/11/20-11:05:52.916140 11296be00                Options.paranoid_file_checks: 0
2021/11/20-11:05:52.916142 11296be00                Options.force_consistency_checks: 1
2021/11/20-11:05:52.916143 11296be00                Options.report_bg_io_stats: 0
2021/11/20-11:05:52.916143 11296be00                               Options.ttl: 2592000
2021/11/20-11:05:52.916144 11296be00          Options.periodic_compaction_seconds: 0
2021/11/20-11:05:52.916145 11296be00                    Options.enable_blob_files: false
2021/11/20-11:05:52.916146 11296be00                        Options.min_blob_size: 0
2021/11/20-11:05:52.916146 11296be00                       Options.blob_file_size: 268435456
2021/11/20-11:05:52.916147 11296be00                Options.blob_compression_type: NoCompression
2021/11/20-11:05:52.916148 11296be00       Options.enable_blob_garbage_collection: false
2021/11/20-11:05:52.916149 11296be00   Options.blob_garbage_collection_age_cutoff: 0.250000
2021/11/20-11:05:52.916631 11296be00 [db/version_set.cc:4805] Recovered from manifest file:test-ledger/rocksdb/MANIFEST-000001 succeeded,manifest_file_number is 1, next_file_number is 3, last_sequence is 0, log_number is 0,prev_log_number is 0,max_column_family is 0,min_log_number_to_keep is 0
2021/11/20-11:05:52.916636 11296be00 [db/version_set.cc:4814] Column family [default] (ID 0), log number is 0
2021/11/20-11:05:52.916913 11296be00 [db/version_set.cc:4111] Creating manifest 3
2021/11/20-11:05:52.918290 11296be00 [db/column_family.cc:597] --------------- Options for column family [meta]:
2021/11/20-11:05:52.918295 11296be00               Options.comparator: leveldb.BytewiseComparator
2021/11/20-11:05:52.918297 11296be00           Options.merge_operator: None
2021/11/20-11:05:52.918299 11296be00        Options.compaction_filter: None
2021/11/20-11:05:52.918303 11296be00        Options.compaction_filter_factory: purged_slot_filter_factory(meta)
2021/11/20-11:05:52.918304 11296be00  Options.sst_partitioner_factory: None
2021/11/20-11:05:52.918305 11296be00         Options.memtable_factory: SkipListFactory
2021/11/20-11:05:52.918307 11296be00            Options.table_factory: BlockBasedTable
2021/11/20-11:05:52.918326 11296be00            table_factory options:   flush_block_policy_factory: FlushBlockBySizePolicyFactory (0x7fc61f70d5b0)
  cache_index_and_filter_blocks: 0
  cache_index_and_filter_blocks_with_high_priority: 1
  pin_l0_filter_and_index_blocks_in_cache: 0
  pin_top_level_index_and_filter: 1
  index_type: 0
  data_block_index_type: 0
  index_shortening: 1
  data_block_hash_table_util_ratio: 0.750000
  hash_index_allow_collision: 1
  checksum: 1
  no_block_cache: 0
  block_cache: 0x7fc61f70d5f8
  block_cache_name: LRUCache
  block_cache_options:
    capacity : 8388608
    num_shard_bits : 4
    strict_capacity_limit : 0
    memory_allocator : None
    high_pri_pool_ratio: 0.000
  block_cache_compressed: 0x0
  persistent_cache: 0x0
  block_size: 4096
  block_size_deviation: 10
  block_restart_interval: 16
  index_block_restart_interval: 1
  metadata_block_size: 4096
  partition_filters: 0
  use_delta_encoding: 1
  filter_policy: nullptr
  whole_key_filtering: 1
  verify_compression: 0
  read_amp_bytes_per_bit: 0
  format_version: 4
  enable_index_compression: 1
  block_align: 0
2021/11/20-11:05:52.918342 11296be00        Options.write_buffer_size: 268435456
2021/11/20-11:05:52.918353 11296be00  Options.max_write_buffer_number: 8
2021/11/20-11:05:52.918355 11296be00          Options.compression: NoCompression
2021/11/20-11:05:52.918356 11296be00                  Options.bottommost_compression: Disabled
2021/11/20-11:05:52.918365 11296be00       Options.prefix_extractor: nullptr
2021/11/20-11:05:52.918368 11296be00   Options.memtable_insert_with_hint_prefix_extractor: nullptr
2021/11/20-11:05:52.918369 11296be00             Options.num_levels: 7
2021/11/20-11:05:52.918371 11296be00        Options.min_write_buffer_number_to_merge: 1
2021/11/20-11:05:52.918372 11296be00     Options.max_write_buffer_number_to_maintain: 0
2021/11/20-11:05:52.918373 11296be00     Options.max_write_buffer_size_to_maintain: 0
2021/11/20-11:05:52.918374 11296be00            Options.bottommost_compression_opts.window_bits: -14
2021/11/20-11:05:52.918375 11296be00                  Options.bottommost_compression_opts.level: 32767
2021/11/20-11:05:52.918377 11296be00               Options.bottommost_compression_opts.strategy: 0
2021/11/20-11:05:52.918378 11296be00         Options.bottommost_compression_opts.max_dict_bytes: 0
2021/11/20-11:05:52.918379 11296be00         Options.bottommost_compression_opts.zstd_max_train_bytes: 0
2021/11/20-11:05:52.918380 11296be00         Options.bottommost_compression_opts.parallel_threads: 1
2021/11/20-11:05:52.918382 11296be00                  Options.bottommost_compression_opts.enabled: false
2021/11/20-11:05:52.918383 11296be00            Options.compression_opts.window_bits: -14
2021/11/20-11:05:52.918384 11296be00                  Options.compression_opts.level: 32767
2021/11/20-11:05:52.918385 11296be00               Options.compression_opts.strategy: 0
2021/11/20-11:05:52.918386 11296be00         Options.compression_opts.max_dict_bytes: 0
2021/11/20-11:05:52.918387 11296be00         Options.compression_opts.zstd_max_train_bytes: 0
2021/11/20-11:05:52.918389 11296be00         Options.compression_opts.parallel_threads: 1
2021/11/20-11:05:52.918390 11296be00                  Options.compression_opts.enabled: false
2021/11/20-11:05:52.918391 11296be00      Options.level0_file_num_compaction_trigger: 4
2021/11/20-11:05:52.918415 11296be00          Options.level0_slowdown_writes_trigger: 20
2021/11/20-11:05:52.918417 11296be00              Options.level0_stop_writes_trigger: 36
2021/11/20-11:05:52.918417 11296be00                   Options.target_file_size_base: 107374182
2021/11/20-11:05:52.918418 11296be00             Options.target_file_size_multiplier: 1
2021/11/20-11:05:52.918419 11296be00                Options.max_bytes_for_level_base: 1073741824
2021/11/20-11:05:52.918420 11296be00 Options.level_compaction_dynamic_level_bytes: 0
2021/11/20-11:05:52.918421 11296be00          Options.max_bytes_for_level_multiplier: 10.000000
2021/11/20-11:05:52.918423 11296be00 Options.max_bytes_for_level_multiplier_addtl[0]: 1
2021/11/20-11:05:52.918425 11296be00 Options.max_bytes_for_level_multiplier_addtl[1]: 1
2021/11/20-11:05:52.918426 11296be00 Options.max_bytes_for_level_multiplier_addtl[2]: 1
2021/11/20-11:05:52.918427 11296be00 Options.max_bytes_for_level_multiplier_addtl[3]: 1
2021/11/20-11:05:52.918428 11296be00 Options.max_bytes_for_level_multiplier_addtl[4]: 1
2021/11/20-11:05:52.918429 11296be00 Options.max_bytes_for_level_multiplier_addtl[5]: 1
2021/11/20-11:05:52.918431 11296be00 Options.max_bytes_for_level_multiplier_addtl[6]: 1
2021/11/20-11:05:52.918432 11296be00       Options.max_sequential_skip_in_iterations: 8
2021/11/20-11:05:52.918433 11296be00                    Options.max_compaction_bytes: 2684354550
2021/11/20-11:05:52.918434 11296be00                        Options.arena_block_size: 33554432
2021/11/20-11:05:52.918435 11296be00   Options.soft_pending_compaction_bytes_limit: 68719476736
2021/11/20-11:05:52.918437 11296be00   Options.hard_pending_compaction_bytes_limit: 274877906944
2021/11/20-11:05:52.918438 11296be00       Options.rate_limit_delay_max_milliseconds: 100
2021/11/20-11:05:52.918439 11296be00                Options.disable_auto_compactions: 0
2021/11/20-11:05:52.918441 11296be00                        Options.compaction_style: kCompactionStyleLevel
2021/11/20-11:05:52.918442 11296be00                          Options.compaction_pri: kMinOverlappingRatio
2021/11/20-11:05:52.918444 11296be00 Options.compaction_options_universal.size_ratio: 1
2021/11/20-11:05:52.918445 11296be00 Options.compaction_options_universal.min_merge_width: 2
2021/11/20-11:05:52.918447 11296be00 Options.compaction_options_universal.max_merge_width: 4294967295
2021/11/20-11:05:52.918448 11296be00 Options.compaction_options_universal.max_size_amplification_percent: 200
2021/11/20-11:05:52.918450 11296be00 Options.compaction_options_universal.compression_size_percent: -1
2021/11/20-11:05:52.918452 11296be00 Options.compaction_options_universal.stop_style: kCompactionStopStyleTotalSize
2021/11/20-11:05:52.918454 11296be00 Options.compaction_options_fifo.max_table_files_size: 1073741824
2021/11/20-11:05:52.918455 11296be00 Options.compaction_options_fifo.allow_compaction: 0
2021/11/20-11:05:52.918458 11296be00                   Options.table_properties_collectors: 
2021/11/20-11:05:52.918459 11296be00                   Options.inplace_update_support: 0
2021/11/20-11:05:52.918461 11296be00                 Options.inplace_update_num_locks: 10000
2021/11/20-11:05:52.918462 11296be00               Options.memtable_prefix_bloom_size_ratio: 0.000000
2021/11/20-11:05:52.918464 11296be00               Options.memtable_whole_key_filtering: 0
2021/11/20-11:05:52.918465 11296be00   Options.memtable_huge_page_size: 0
2021/11/20-11:05:52.918467 11296be00                           Options.bloom_locality: 0
2021/11/20-11:05:52.918468 11296be00                    Options.max_successive_merges: 0
2021/11/20-11:05:52.918470 11296be00                Options.optimize_filters_for_hits: 0
2021/11/20-11:05:52.918471 11296be00                Options.paranoid_file_checks: 0
2021/11/20-11:05:52.918473 11296be00                Options.force_consistency_checks: 1
2021/11/20-11:05:52.918474 11296be00                Options.report_bg_io_stats: 0
2021/11/20-11:05:52.918476 11296be00                               Options.ttl: 2592000
2021/11/20-11:05:52.918497 11296be00          Options.periodic_compaction_seconds: 2592000
2021/11/20-11:05:52.918499 11296be00                    Options.enable_blob_files: false
2021/11/20-11:05:52.918501 11296be00                        Options.min_blob_size: 0
2021/11/20-11:05:52.918503 11296be00                       Options.blob_file_size: 268435456
2021/11/20-11:05:52.918504 11296be00                Options.blob_compression_type: NoCompression
2021/11/20-11:05:52.918506 11296be00       Options.enable_blob_garbage_collection: false
2021/11/20-11:05:52.918507 11296be00   Options.blob_garbage_collection_age_cutoff: 0.250000
2021/11/20-11:05:52.918623 11296be00 [db/db_impl/db_impl.cc:2658] Created column family [meta] (ID 1)
2021/11/20-11:05:52.921073 11296be00 [db/column_family.cc:597] --------------- Options for column family [dead_slots]:
2021/11/20-11:05:52.921079 11296be00               Options.comparator: leveldb.BytewiseComparator
2021/11/20-11:05:52.921080 11296be00           Options.merge_operator: None
2021/11/20-11:05:52.921081 11296be00        Options.compaction_filter: None
2021/11/20-11:05:52.921082 11296be00        Options.compaction_filter_factory: purged_slot_filter_factory(dead_slots)
2021/11/20-11:05:52.921083 11296be00  Options.sst_partitioner_factory: None
2021/11/20-11:05:52.921084 11296be00         Options.memtable_factory: SkipListFactory
2021/11/20-11:05:52.921085 11296be00            Options.table_factory: BlockBasedTable
2021/11/20-11:05:52.921098 11296be00            table_factory options:   flush_block_policy_factory: FlushBlockBySizePolicyFactory (0x7fc61f508f90)
  cache_index_and_filter_blocks: 0
  cache_index_and_filter_blocks_with_high_priority: 1
  pin_l0_filter_and_index_blocks_in_cache: 0
  pin_top_level_index_and_filter: 1
  index_type: 0
  data_block_index_type: 0
  index_shortening: 1
  data_block_hash_table_util_ratio: 0.750000
  hash_index_allow_collision: 1
  checksum: 1
  no_block_cache: 0
  block_cache: 0x7fc61f50a7b8
  block_cache_name: LRUCache
  block_cache_options:
    capacity : 8388608
    num_shard_bits : 4
    strict_capacity_limit : 0
    memory_allocator : None
    high_pri_pool_ratio: 0.000
  block_cache_compressed: 0x0
  persistent_cache: 0x0
  block_size: 4096
  block_size_deviation: 10
  block_restart_interval: 16
  index_block_restart_interval: 1
  metadata_block_size: 4096
  partition_filters: 0
  use_delta_encoding: 1
  filter_policy: nullptr
  whole_key_filtering: 1
  verify_compression: 0
  read_amp_bytes_per_bit: 0
  format_version: 4
  enable_index_compression: 1
  block_align: 0
2021/11/20-11:05:52.921101 11296be00        Options.write_buffer_size: 268435456
2021/11/20-11:05:52.921102 11296be00  Options.max_write_buffer_number: 8
2021/11/20-11:05:52.921104 11296be00          Options.compression: NoCompression
2021/11/20-11:05:52.921105 11296be00                  Options.bottommost_compression: Disabled
2021/11/20-11:05:52.921106 11296be00       Options.prefix_extractor: nullptr
2021/11/20-11:05:52.921107 11296be00   Options.memtable_insert_with_hint_prefix_extractor: nullptr
2021/11/20-11:05:52.921108 11296be00             Options.num_levels: 7
2021/11/20-11:05:52.921109 11296be00        Options.min_write_buffer_number_to_merge: 1
2021/11/20-11:05:52.921111 11296be00     Options.max_write_buffer_number_to_maintain: 0
2021/11/20-11:05:52.921111 11296be00     Options.max_write_buffer_size_to_maintain: 0
2021/11/20-11:05:52.921112 11296be00            Options.bottommost_compression_opts.window_bits: -14
2021/11/20-11:05:52.921113 11296be00                  Options.bottommost_compression_opts.level: 32767
2021/11/20-11:05:52.921114 11296be00               Options.bottommost_compression_opts.strategy: 0
2021/11/20-11:05:52.921114 11296be00         Options.bottommost_compression_opts.max_dict_bytes: 0
2021/11/20-11:05:52.921115 11296be00         Options.bottommost_compression_opts.zstd_max_train_bytes: 0
2021/11/20-11:05:52.921116 11296be00         Options.bottommost_compression_opts.parallel_threads: 1
2021/11/20-11:05:52.921117 11296be00                  Options.bottommost_compression_opts.enabled: false
2021/11/20-11:05:52.921118 11296be00            Options.compression_opts.window_bits: -14
2021/11/20-11:05:52.921118 11296be00                  Options.compression_opts.level: 32767
2021/11/20-11:05:52.921119 11296be00               Options.compression_opts.strategy: 0
2021/11/20-11:05:52.921120 11296be00         Options.compression_opts.max_dict_bytes: 0
2021/11/20-11:05:52.921121 11296be00         Options.compression_opts.zstd_max_train_bytes: 0
2021/11/20-11:05:52.921121 11296be00         Options.compression_opts.parallel_threads: 1
2021/11/20-11:05:52.921122 11296be00                  Options.compression_opts.enabled: false
2021/11/20-11:05:52.921123 11296be00      Options.level0_file_num_compaction_trigger: 4
2021/11/20-11:05:52.921143 11296be00          Options.level0_slowdown_writes_trigger: 20
2021/11/20-11:05:52.921145 11296be00              Options.level0_stop_writes_trigger: 36
2021/11/20-11:05:52.921146 11296be00                   Options.target_file_size_base: 107374182
2021/11/20-11:05:52.921146 11296be00             Options.target_file_size_multiplier: 1
2021/11/20-11:05:52.921147 11296be00                Options.max_bytes_for_level_base: 1073741824
2021/11/20-11:05:52.921165 11296be00 Options.level_compaction_dynamic_level_bytes: 0
2021/11/20-11:05:52.921165 11296be00          Options.max_bytes_for_level_multiplier: 10.000000
2021/11/20-11:05:52.921166 11296be00 Options.max_bytes_for_level_multiplier_addtl[0]: 1
2021/11/20-11:05:52.921167 11296be00 Options.max_bytes_for_level_multiplier_addtl[1]: 1
2021/11/20-11:05:52.921168 11296be00 Options.max_bytes_for_level_multiplier_addtl[2]: 1
2021/11/20-11:05:52.921169 11296be00 Options.max_bytes_for_level_multiplier_addtl[3]: 1
2021/11/20-11:05:52.921169 11296be00 Options.max_bytes_for_level_multiplier_addtl[4]: 1
2021/11/20-11:05:52.921170 11296be00 Options.max_bytes_for_level_multiplier_addtl[5]: 1
2021/11/20-11:05:52.921171 11296be00 Options.max_bytes_for_level_multiplier_addtl[6]: 1
2021/11/20-11:05:52.921171 11296be00       Options.max_sequential_skip_in_iterations: 8
2021/11/20-11:05:52.921172 11296be00                    Options.max_compaction_bytes: 2684354550
2021/11/20-11:05:52.921173 11296be00                        Options.arena_block_size: 33554432
2021/11/20-11:05:52.921195 11296be00   Options.soft_pending_compaction_bytes_limit: 68719476736
2021/11/20-11:05:52.921195 11296be00   Options.hard_pending_compaction_bytes_limit: 274877906944
2021/11/20-11:05:52.921196 11296be00       Options.rate_limit_delay_max_milliseconds: 100
2021/11/20-11:05:52.921197 11296be00                Options.disable_auto_compactions: 0
2021/11/20-11:05:52.921198 11296be00                        Options.compaction_style: kCompactionStyleLevel
2021/11/20-11:05:52.921199 11296be00                          Options.compaction_pri: kMinOverlappingRatio
2021/11/20-11:05:52.921200 11296be00 Options.compaction_options_universal.size_ratio: 1
2021/11/20-11:05:52.921200 11296be00 Options.compaction_options_universal.min_merge_width: 2
2021/11/20-11:05:52.921201 11296be00 Options.compaction_options_universal.max_merge_width: 4294967295
2021/11/20-11:05:52.921202 11296be00 Options.compaction_options_universal.max_size_amplification_percent: 200
2021/11/20-11:05:52.921203 11296be00 Options.compaction_options_universal.compression_size_percent: -1
2021/11/20-11:05:52.921204 11296be00 Options.compaction_options_universal.stop_style: kCompactionStopStyleTotalSize
2021/11/20-11:05:52.921205 11296be00 Options.compaction_options_fifo.max_table_files_size: 1073741824
2021/11/20-11:05:52.921218 11296be00 Options.compaction_options_fifo.allow_compaction: 0
2021/11/20-11:05:52.921224 11296be00                   Options.table_properties_collectors: 
2021/11/20-11:05:52.921239 11296be00                   Options.inplace_update_support: 0
2021/11/20-11:05:52.921242 11296be00                 Options.inplace_update_num_locks: 10000
2021/11/20-11:05:52.921244 11296be00               Options.memtable_prefix_bloom_size_ratio: 0.000000
2021/11/20-11:05:52.921245 11296be00               Options.memtable_whole_key_filtering: 0
2021/11/20-11:05:52.921246 11296be00   Options.memtable_huge_page_size: 0
2021/11/20-11:05:52.921247 11296be00                           Options.bloom_locality: 0
2021/11/20-11:05:52.921247 11296be00                    Options.max_successive_merges: 0
2021/11/20-11:05:52.921248 11296be00                Options.optimize_filters_for_hits: 0
2021/11/20-11:05:52.921249 11296be00                Options.paranoid_file_checks: 0
2021/11/20-11:05:52.921250 11296be00                Options.force_consistency_checks: 1
2021/11/20-11:05:52.921250 11296be00                Options.report_bg_io_stats: 0
2021/11/20-11:05:52.921251 11296be00                               Options.ttl: 2592000
2021/11/20-11:05:52.921274 11296be00          Options.periodic_compaction_seconds: 2592000
2021/11/20-11:05:52.921275 11296be00                    Options.enable_blob_files: false
2021/11/20-11:05:52.921276 11296be00                        Options.min_blob_size: 0
2021/11/20-11:05:52.921277 11296be00                       Options.blob_file_size: 268435456
2021/11/20-11:05:52.921294 11296be00                Options.blob_compression_type: NoCompression
2021/11/20-11:05:52.921295 11296be00       Options.enable_blob_garbage_collection: false
2021/11/20-11:05:52.921296 11296be00   Options.blob_garbage_collection_age_cutoff: 0.250000
2021/11/20-11:05:52.921423 11296be00 [db/db_impl/db_impl.cc:2658] Created column family [dead_slots] (ID 2)
2021/11/20-11:05:52.924710 11296be00 [db/column_family.cc:597] --------------- Options for column family [duplicate_slots]:
2021/11/20-11:05:52.924715 11296be00               Options.comparator: leveldb.BytewiseComparator
2021/11/20-11:05:52.924717 11296be00           Options.merge_operator: None
2021/11/20-11:05:52.924717 11296be00        Options.compaction_filter: None
2021/11/20-11:05:52.924718 11296be00        Options.compaction_filter_factory: purged_slot_filter_factory(duplicate_slots)
2021/11/20-11:05:52.924719 11296be00  Options.sst_partitioner_factory: None
2021/11/20-11:05:52.924720 11296be00         Options.memtable_factory: SkipListFactory
2021/11/20-11:05:52.924721 11296be00            Options.table_factory: BlockBasedTable
2021/11/20-11:05:52.924733 11296be00            table_factory options:   flush_block_policy_factory: FlushBlockBySizePolicyFactory (0x7fc61f50b6e0)
  cache_index_and_filter_blocks: 0
  cache_index_and_filter_blocks_with_high_priority: 1
  pin_l0_filter_and_index_blocks_in_cache: 0
  pin_top_level_index_and_filter: 1
  index_type: 0
  data_block_index_type: 0
  index_shortening: 1
  data_block_hash_table_util_ratio: 0.750000
  hash_index_allow_collision: 1
  checksum: 1
  no_block_cache: 0
  block_cache: 0x7fc61f50b728
  block_cache_name: LRUCache
  block_cache_options:
    capacity : 8388608
    num_shard_bits : 4
    strict_capacity_limit : 0
    memory_allocator : None
    high_pri_pool_ratio: 0.000
  block_cache_compressed: 0x0
  persistent_cache: 0x0
  block_size: 4096
  block_size_deviation: 10
  block_restart_interval: 16
  index_block_restart_interval: 1
  metadata_block_size: 4096
  partition_filters: 0
  use_delta_encoding: 1
  filter_policy: nullptr
  whole_key_filtering: 1
  verify_compression: 0
  read_amp_bytes_per_bit: 0
  format_version: 4
  enable_index_compression: 1
  block_align: 0
2021/11/20-11:05:52.924735 11296be00        Options.write_buffer_size: 268435456
2021/11/20-11:05:52.924736 11296be00  Options.max_write_buffer_number: 8
2021/11/20-11:05:52.924737 11296be00          Options.compression: NoCompression
2021/11/20-11:05:52.924738 11296be00                  Options.bottommost_compression: Disabled
2021/11/20-11:05:52.924738 11296be00       Options.prefix_extractor: nullptr
2021/11/20-11:05:52.924739 11296be00   Options.memtable_insert_with_hint_prefix_extractor: nullptr
2021/11/20-11:05:52.924740 11296be00             Options.num_levels: 7
2021/11/20-11:05:52.924741 11296be00        Options.min_write_buffer_number_to_merge: 1
2021/11/20-11:05:52.924741 11296be00     Options.max_write_buffer_number_to_maintain: 0
2021/11/20-11:05:52.924742 11296be00     Options.max_write_buffer_size_to_maintain: 0
2021/11/20-11:05:52.924743 11296be00            Options.bottommost_compression_opts.window_bits: -14
2021/11/20-11:05:52.924744 11296be00                  Options.bottommost_compression_opts.level: 32767
2021/11/20-11:05:52.924744 11296be00               Options.bottommost_compression_opts.strategy: 0
2021/11/20-11:05:52.924745 11296be00         Options.bottommost_compression_opts.max_dict_bytes: 0
2021/11/20-11:05:52.924746 11296be00         Options.bottommost_compression_opts.zstd_max_train_bytes: 0
2021/11/20-11:05:52.924746 11296be00         Options.bottommost_compression_opts.parallel_threads: 1
2021/11/20-11:05:52.924747 11296be00                  Options.bottommost_compression_opts.enabled: false
2021/11/20-11:05:52.924748 11296be00            Options.compression_opts.window_bits: -14
2021/11/20-11:05:52.924749 11296be00                  Options.compression_opts.level: 32767
2021/11/20-11:05:52.924749 11296be00               Options.compression_opts.strategy: 0
2021/11/20-11:05:52.924750 11296be00         Options.compression_opts.max_dict_bytes: 0
2021/11/20-11:05:52.924751 11296be00         Options.compression_opts.zstd_max_train_bytes: 0
2021/11/20-11:05:52.924751 11296be00         Options.compression_opts.parallel_threads: 1
2021/11/20-11:05:52.924752 11296be00                  Options.compression_opts.enabled: false
